# x y z (world)
-1.912577 -1.647399 0.196875
-1.883593 -1.675553 0.195071
-1.855113 -1.702982 0.193305
-1.827139 -1.729688 0.191577
-1.799669 -1.755668 0.189887
-1.772704 -1.780924 0.188235
-1.746244 -1.805457 0.186621
-1.720289 -1.829264 0.185045
-1.694839 -1.852348 0.183507
-1.669894 -1.874707 0.182007
-1.645454 -1.896341 0.180545
-1.621518 -1.917252 0.179121
-1.598088 -1.937438 0.177734
-1.575163 -1.956900 0.176386
-1.552742 -1.975637 0.175076
-1.530826 -1.993650 0.173804
-1.509416 -2.010939 0.172569
-1.488509 -2.027503 0.171373
-1.468109 -2.043344 0.170215
-1.448212 -2.058459 0.169095
-1.428821 -2.072851 0.168012
-1.409935 -2.086518 0.166968
-1.391554 -2.099461 0.165961
-1.373677 -2.111679 0.164993
-1.356305 -2.123173 0.164062
-1.339148 -2.134232 0.163151
-1.321914 -2.145142 0.162240
-1.304603 -2.155904 0.161328
-1.287215 -2.166517 0.160417
-1.269750 -2.176983 0.159505
-1.252209 -2.187300 0.158594
-1.234591 -2.197470 0.157682
-1.216895 -2.207492 0.156771
-1.199124 -2.217365 0.155859
-1.181275 -2.227091 0.154948
-1.163350 -2.236668 0.154036
-1.145348 -2.246097 0.153125
-1.127269 -2.255378 0.152214
-1.109113 -2.264511 0.151302
-1.090881 -2.273496 0.150391
-1.072572 -2.282333 0.149479
-1.054185 -2.291022 0.148568
-1.035722 -2.299563 0.147656
-1.017183 -2.307956 0.146745
-0.998567 -2.316200 0.145833
-0.979873 -2.324297 0.144922
-0.961103 -2.332245 0.144010
-0.942257 -2.340046 0.143099
-0.923333 -2.347698 0.142188
-0.904348 -2.355197 0.141276
-0.885316 -2.362535 0.140365
-0.866239 -2.369713 0.139453
-0.847114 -2.376730 0.138542
-0.827943 -2.383588 0.137630
-0.808726 -2.390285 0.136719
-0.789462 -2.396822 0.135807
-0.770152 -2.403199 0.134896
-0.750796 -2.409415 0.133984
-0.731393 -2.415472 0.133073
-0.711943 -2.421368 0.132161
-0.692448 -2.427104 0.131250
-0.672906 -2.432680 0.130339
-0.653317 -2.438096 0.129427
-0.633682 -2.443351 0.128516
-0.614001 -2.448446 0.127604
-0.594272 -2.453381 0.126693
-0.574498 -2.458156 0.125781
-0.554678 -2.462771 0.124870
-0.534810 -2.467225 0.123958
-0.514897 -2.471519 0.123047
-0.494937 -2.475653 0.122135
-0.474930 -2.479627 0.121224
-0.454878 -2.483440 0.120313
-0.434794 -2.487091 0.119401
-0.414697 -2.490575 0.118490
-0.394585 -2.493893 0.117578
-0.374459 -2.497045 0.116667
-0.354319 -2.500031 0.115755
-0.334164 -2.502850 0.114844
-0.313996 -2.505503 0.113932
-0.293813 -2.507990 0.113021
-0.273615 -2.510311 0.112109
-0.253404 -2.512466 0.111198
-0.233178 -2.514454 0.110286
-0.212937 -2.516277 0.109375
-0.192683 -2.517933 0.108464
-0.172414 -2.519423 0.107552
-0.152131 -2.520747 0.106641
-0.131834 -2.521904 0.105729
-0.111522 -2.522896 0.104818
-0.091196 -2.523721 0.103906
-0.070856 -2.524380 0.102995
-0.050502 -2.524873 0.102083
-0.030133 -2.525200 0.101172
-0.009750 -2.525360 0.100260
0.010647 -2.525355 0.099349
0.031059 -2.525183 0.098438
0.051468 -2.524845 0.097526
0.071859 -2.524341 0.096615
0.092232 -2.523672 0.095703
0.112586 -2.522837 0.094792
0.132922 -2.521836 0.093880
0.153239 -2.520669 0.092969
0.173538 -2.519337 0.092057
0.193818 -2.517839 0.091146
0.214080 -2.516175 0.090234
0.234324 -2.514345 0.089323
0.254549 -2.512349 0.088411
0.274756 -2.510188 0.087500
0.294945 -2.507861 0.086589
0.315114 -2.505368 0.085677
0.335266 -2.502709 0.084766
0.355399 -2.499885 0.083854
0.375514 -2.496895 0.082943
0.395610 -2.493739 0.082031
0.415688 -2.490417 0.081120
0.435748 -2.486930 0.080208
0.455789 -2.483276 0.079297
0.475812 -2.479457 0.078385
0.495816 -2.475473 0.077474
0.515801 -2.471322 0.076563
0.535753 -2.467009 0.075651
0.555654 -2.462537 0.074740
0.575504 -2.457906 0.073828
0.595304 -2.453116 0.072917
0.615054 -2.448167 0.072005
0.634754 -2.443059 0.071094
0.654402 -2.437792 0.070182
0.674001 -2.432366 0.069271
0.693549 -2.426781 0.068359
0.713047 -2.421037 0.067448
0.732494 -2.415134 0.066536
0.751891 -2.409072 0.065625
0.771237 -2.402851 0.064714
0.790534 -2.396471 0.063802
0.809779 -2.389932 0.062891
0.828975 -2.383235 0.061979
0.848119 -2.376378 0.061068
0.867214 -2.369362 0.060156
0.886258 -2.362187 0.059245
0.905252 -2.354853 0.058333
0.924195 -2.347360 0.057422
0.943088 -2.339708 0.056510
0.961930 -2.331897 0.055599
0.980722 -2.323927 0.054688
0.999449 -2.315805 0.053776
1.018095 -2.307536 0.052865
1.036660 -2.299122 0.051953
1.055146 -2.290561 0.051042
1.073550 -2.281854 0.050130
1.091875 -2.273001 0.049219
1.110119 -2.264002 0.048307
1.128282 -2.254857 0.047396
1.146365 -2.245565 0.046484
1.164367 -2.236128 0.045573
1.182289 -2.226544 0.044661
1.200131 -2.216815 0.043750
1.217892 -2.206939 0.042839
1.235573 -2.196917 0.041927
1.253173 -2.186749 0.041016
1.270693 -2.176435 0.040104
1.288132 -2.165975 0.039193
1.305491 -2.155369 0.038281
1.322769 -2.144617 0.037370
1.339967 -2.133718 0.036458
1.357084 -2.122674 0.035547
1.374121 -2.111483 0.034635
1.391078 -2.100146 0.033724
1.407954 -2.088663 0.032813
1.425033 -2.076739 0.031882
1.442599 -2.064078 0.030914
1.460652 -2.050680 0.029907
1.479191 -2.036546 0.028863
1.498217 -2.021675 0.027780
1.517729 -2.006067 0.026660
1.537729 -1.989722 0.025502
1.558214 -1.972641 0.024306
1.579187 -1.954823 0.023071
1.600646 -1.936269 0.021799
1.622592 -1.916977 0.020489
1.645024 -1.896949 0.019141
1.667944 -1.876184 0.017754
1.691349 -1.854683 0.016330
1.715242 -1.832445 0.014868
1.739621 -1.809470 0.013368
1.764487 -1.785758 0.011830
1.789840 -1.761310 0.010254
1.815679 -1.736125 0.008640
1.842004 -1.710203 0.006988
1.868817 -1.683545 0.005298
1.896116 -1.656150 0.003570
1.923902 -1.628018 0.001804
1.952174 -1.599150 0.000000
