         816 Inflow771
 "-3 0 "
           1
           3
           5
           6
           7
           8
           9
          15
          16
          17
          20
          21
          22
          23
          24
          25
          42
          44
          46
          47
          48
          49
          50
          56
          57
          58
          61
          62
          63
          64
          65
          66
          83
          85
          87
          88
          89
          90
          91
          97
          98
          99
         102
         103
         104
         105
         106
         107
         124
         126
         128
         129
         130
         131
         132
         138
         139
         140
         143
         144
         145
         146
         147
         148
         165
         167
         169
         170
         171
         172
         173
         179
         180
         181
         184
         185
         186
         187
         188
         189
         206
         208
         210
         211
         212
         213
         214
         220
         221
         222
         225
         226
         227
         228
         229
         230
         247
         249
         251
         252
         253
         254
         255
         261
         262
         263
         266
         267
         268
         269
         270
         271
         288
         290
         292
         293
         294
         295
         296
         302
         303
         304
         307
         308
         309
         310
         311
         312
         329
         331
         333
         334
         335
         336
         337
         343
         344
         345
         348
         349
         350
         351
         352
         353
         370
         372
         374
         375
         376
         377
         378
         384
         385
         386
         389
         390
         391
         392
         393
         394
         411
         413
         415
         416
         417
         418
         419
         425
         426
         427
         430
         431
         432
         433
         434
         435
         452
         454
         456
         457
         458
         459
         460
         466
         467
         468
         471
         472
         473
         474
         475
         476
         493
         495
         497
         498
         499
         500
         501
         507
         508
         509
         512
         513
         514
         515
         516
         517
         534
         536
         538
         539
         540
         541
         542
         548
         549
         550
         553
         554
         555
         556
         557
         558
         575
         577
         579
         580
         581
         582
         583
         589
         590
         591
         594
         595
         596
         597
         598
         599
         616
         618
         620
         621
         622
         623
         624
         630
         631
         632
         635
         636
         637
         638
         639
         640
         657
         659
         661
         662
         663
         664
         665
         671
         672
         673
         676
         677
         678
         679
         680
         681
         698
         700
         702
         703
         704
         705
         706
         712
         713
         714
         717
         718
         719
         720
         721
         722
         739
         741
         743
         744
         745
         746
         747
         753
         754
         755
         758
         759
         760
         761
         762
         763
         780
         782
         784
         785
         786
         787
         788
         794
         795
         796
         799
         800
         801
         802
         803
         804
         821
         823
         825
         826
         827
         828
         829
         835
         836
         837
         840
         841
         842
         843
         844
         845
         862
         864
         866
         867
         868
         869
         870
         876
         877
         878
         881
         882
         883
         884
         885
         886
         903
         905
         907
         908
         909
         910
         911
         917
         918
         919
         922
         923
         924
         925
         926
         927
         944
         946
         948
         949
         950
         951
         952
         958
         959
         960
         963
         964
         965
         966
         967
         968
         985
         987
         989
         990
         991
         992
         993
         999
        1000
        1001
        1004
        1005
        1006
        1007
        1008
        1009
        1026
        1028
        1030
        1031
        1032
        1033
        1034
        1040
        1041
        1042
        1045
        1046
        1047
        1048
        1049
        1050
        1067
        1069
        1071
        1072
        1073
        1074
        1075
        1081
        1082
        1083
        1086
        1087
        1088
        1089
        1090
        1091
        1108
        1110
        1112
        1113
        1114
        1115
        1116
        1122
        1123
        1124
        1127
        1128
        1129
        1130
        1131
        1132
        1149
        1151
        1153
        1154
        1155
        1156
        1157
        1163
        1164
        1165
        1168
        1169
        1170
        1171
        1172
        1173
        1190
        1191
        1192
        1194
        1197
        1200
        1201
        1205
        1214
        1215
        1216
        1220
        1223
        1226
        1229
        1231
        1232
        1233
        1234
        1236
        1238
        1239
        1241
        1244
        1246
        1253
        1254
        1256
        1259
        1260
        1261
        1262
        1267
        1268
        1269
        1271
        1273
        1274
        1276
        1277
        1281
        1289
        1290
        1298
        1299
        1300
        1303
        1307
        1310
        1311
        1317
        1320
        1322
        1323
        1327
        1334
        1341
        1343
        1345
        1348
        1350
        1351
        1353
        1354
        1355
        1358
        1362
        1368
        1372
        1378
        1381
        1386
        1389
        1393
        1397
        1398
        1405
        1413
        1414
        1420
        1422
        1426
        1431
        1437
        1439
        1440
        1441
        1442
        1444
        1450
        1452
        1453
        1454
        1455
        1458
        1459
        1465
        1468
        1470
        1472
        1474
        1475
        1478
        1480
        1481
        1484
        1486
        1493
        1496
        1499
        1500
        1502
        1505
        1506
        1511
        1512
        1513
        1514
        1517
        1518
        1519
        1522
        1525
        1526
        1528
        1529
        1536
        1537
        1539
        1540
        1541
        1543
        1546
        1549
        1552
        1561
        1562
        1565
        1566
        1567
        1570
        1573
        1574
        1575
        1576
        1577
        1592
        1593
        1595
        1598
        1605
        1608
        1609
        1614
        1616
        1618
        1624
        1631
        1635
        1638
        1639
        1644
        1645
        1648
        1649
        1651
        1652
        1653
        1657
        1658
        1659
        1660
        1666
        1674
        1675
        1677
        1679
        1680
        1681
        1683
        1685
        1686
        1691
        1693
        1694
        1696
        1698
        1701
        1702
        1707
        1708
        1711
        1712
        1714
        1716
        1717
        1720
        1725
        1728
        1735
        1736
        1738
        1739
        1741
        1742
        1748
        1749
        1750
        1751
        1752
        1753
        1754
        1758
        1759
        1761
        1762
        1764
        1765
        1767
        1771
        1773
        1774
        1777
        1779
        1782
        1785
        1786
        1787
        1788
        1789
        1791
        1792
        1797
        1799
        1802
        1803
        1805
        1810
        1818
        1820
        1821
        1822
        1823
        1828
        1829
        1831
        1835
        1837
        1839
        1840
        1841
        1842
        1843
        1846
        1851
        1853
        1856
        1859
        1863
        1864
        1865
        1869
        1870
        1871
        1875
        1877
        1878
        1880
        1881
        1882
        1888
        1889
        1890
        1891
        1892
        1896
        1900
        1902
        1904
        1907
        1910
        1915
        1916
        1917
        1924
        1926
        1928
        1931
        1934
        1935
        1939
        1942
        1943
        1945
        1946
        1952
        1956
        1957
        1961
        1963
        1964
        1965
        1966
        1967
        1968
        1971
        1974
        1980
        1981
        1984
        1985
        1987
        1988
        1995
        1996
        1997
        1999
        2000
        2007
        2008
        2009
        2012
        2013
        2014
        2015
        2021
        2026
        2027
        2030
        2034
        2036
        2038
        2040
        2042
        2046
        2048
        2050
        2061
        2062
        2063
        2064
        2067
        2070
        2074
        2075
        2076
        2077
        2078
        2080
        2085
        2086
        2087
