          41 Slip
 "-3 1 "
        1213
        1217
        1234
        1238
        1272
        1275
        1341
        1361
        1373
        1375
        1381
        1401
        1407
        1427
        1430
        1488
        1489
        1490
        1493
        1560
        1563
        1664
        1693
        1714
        1749
        1757
        1766
        1785
        1834
        1839
        1845
        1865
        1880
        1882
        1907
        1918
        1922
        1945
        1973
        1997
        2058
